, hue=df['Marital_Status'],palette='viridis'

Income                 1.000000
NumCatalogPurchases    0.589162
MntMeatProducts        0.584633
MntWines               0.578650
NumStorePurchases      0.529362
MntSweetProducts       0.440744
MntFishProducts        0.438871
MntFruits              0.430842
NumWebPurchases        0.387878
AcceptedCmp5           0.335943
MntGoldProds           0.325916
AcceptedCmp1           0.276820
AcceptedCmp4           0.184400
Age                    0.161791
Response               0.133047
AcceptedCmp2           0.087545
Dt_Customer_year       0.022451
Teenhome               0.019133
Dt_Customer_month     -0.014955
Complain              -0.027225
NumDealsPurchases     -0.083101
Kidhome               -0.428669
NumWebVisitsMonth     -0.553088

Age                                                                 
24     10960.500000
25     60937.000000
26     85449.333333
27     74139.800000
28     47830.153846
29     60900.333333
30     40919.277778
31     42250.172414
32     47947.758621
33     46888.666667
34     43346.414634
35     39192.937500
36     39132.789474
37     47996.390244
38     52683.795455
39     46894.921053
40     49927.025641
41     44956.528302
42     46012.434211
43     62653.038462
44     47539.213483
45     52417.132530
46     48338.898551
47     47219.722222
48     51123.333333
49     49354.906977
50     52395.973333
51     51205.628571
52     48597.450980
53     53782.431818
54     50960.460000
55     55668.662162
56     56473.902439
57     48815.863636
58     60988.954545
59     57161.057143
60     54817.632653
61     56324.080000
62     58603.711538
63     54020.268293
64     56706.600000
65     57611.375000
66     58628.387755
67     57810.000000
68     56903.673077
69     55999.857143
70     50197.172414
71     61547.200000
72     65405.047619
73     66327.562500
74     59944.250000
75     70375.375000
76     66477.142857
77     62324.166667
80     51141.000000
120    36640.000000
121    83532.000000
127    60182.000000

63    2
50    2
47    2
48    1
34    1
37    1
38    1
39    1
69    1
42    1
77    1
49    1
62    1
51    1
66    1
56    1
57    1
31    1
59    1
61    1
65    1

NumCatalogPurchases: 2.6620535714285714
MntMeatProducts: 166.95
MntWines: 303.9357142857143
NumStorePurchases: 5.790178571428571
52247.25135379061
purchase_average: 777.4834821428572

    Age      Income_y
0    63  54020.268293
1    63  54020.268293
2    37  47996.390244
3    48  51123.333333
4    34  43346.414634
5    59  57161.057143
6    47  47219.722222
7    47  47219.722222
8    50  52395.973333
9    50  52395.973333
10   56  56473.902439
11   51  51205.628571
12   42  46012.434211
13   38  52683.795455
14   31  42250.172414
15   77  62324.166667
16   61  56324.080000
17   39  46894.921053
19   66  58628.387755
20   62  58603.711538
21   65  57611.375000
22   69  55999.857143
23   57  48815.863636

  Income_y  NumCatalogPurchases  Age
0   54216.883212                    2   63
1   54216.883212                    2   50
2   32898.571181                    0   37
3   32898.571181                    0   48
4   32898.571181                    0   34
5   32898.571181                    0   47
6   32898.571181                    0   63
7   32898.571181                    0   56
8   32898.571181                    0   42
9   32898.571181                    0   38
10  32898.571181                    0   39
11  32898.571181                    0   62
12  40185.134146                    1   59
13  40185.134146                    1   49
14  40185.134146                    1   66
15  40185.134146                    1   65
16  40185.134146                    1   69
17  75040.531915                   10   51
19  64390.928571                    3   61
21  68652.284672                    5   77
22  68652.284672                    5   57
23  67617.657459                    4   47